[
[1, {"_id":1,"unitID":[13000001,13000001,13000001,13000001,13000001,13000001,13000001,13000001,13000001,13000001,13000001,13000001,13000001,13000001,13000001,13000001,13000001,13000001,13000001,13000001]}],
[2, {"_id":2,"unitID":[13000002,13000002,13000002,13000002,13000002,13000002,13000002,13000002,13000002,13000002,13000002,13000002,13000002,13000002,13000002,13000002,13000002,13000002,13000002,13000002]}],
[3, {"_id":3,"unitID":[13000003,13000003,13000003,13000003,13010001]}],
[4, {"_id":4,"unitID":[13000004,13000004,13000004,13000004,13000004,13000004,13000004,13000004,13000004,13000004,13000004,13000004,13000004,13000004,13000004,13000004,13000004,13000004,13000004,13000004]}],
[5, {"_id":5,"unitID":[13000005,13000005,13000005,13000005,13010002]}],
[6, {"_id":6,"unitID":[13000006,13000006,13000006,13000006,13000006,13000006,13000006,13000006,13000006,13000006,13000006,13000006,13000006,13000006,13000006,13000006,13000006,13000006,13000006,13000006]}],
[7, {"_id":7,"unitID":[13000007,13000007,13000007,13000007,13000007,13000007,13000007,13000007,13000007,13000007,13000007,13000007,13000007,13000007,13000007,13000007,13000007,13000007,13000007,13000007]}],
[8, {"_id":8,"unitID":[13000008,13000008,13000008,13000008,13010003]}],
[9, {"_id":9,"unitID":[13000009,13000009,13000009,13000009,13000009,13000009,13000009,13000009,13000009,13000009,13000009,13000009,13000009,13000009,13000009,13000009,13000009,13000009,13000009,13000009]}],
[10, {"_id":10,"unitID":[13000010,13000010,13000010,13000010,13020001]}],
[11, {"_id":11,"unitID":[13000011,13000011,13000011,13000011,13000011,13000011,13000011,13000011,13000011,13000011,13000011,13000011,13000011,13000011,13000011,13000011,13000011,13000011,13000011,13000011]}],
[12, {"_id":12,"unitID":[13000012,13000012,13000012,13000012,13000012,13000012,13000012,13000012,13000012,13000012,13000012,13000012,13000012,13000012,13000012,13000012,13000012,13000012,13000012,13000012]}],
[13, {"_id":13,"unitID":[13000013,13000013,13000013,13000013,13010004]}],
[14, {"_id":14,"unitID":[13000014,13000014,13000014,13000014,13000014,13000014,13000014,13000014,13000014,13000014,13000014,13000014,13000014,13000014,13000014,13000014,13000014,13000014,13000014,13000014]}],
[15, {"_id":15,"unitID":[13000015,13000015,13000015,13000015,13010005]}],
[16, {"_id":16,"unitID":[13000016,13000016,13000016,13000016,13000016,13000016,13000016,13000016,13000016,13000016,13000016,13000016,13000016,13000016,13000016,13000016,13000016,13000016,13000016,13000016]}],
[17, {"_id":17,"unitID":[13000017,13000017,13000017,13000017,13000017,13000017,13000017,13000017,13000017,13000017,13000017,13000017,13000017,13000017,13000017,13000017,13000017,13000017,13000017,13000017]}],
[18, {"_id":18,"unitID":[13000018,13000018,13000018,13000018,13010006]}],
[19, {"_id":19,"unitID":[13000019,13000019,13000019,13000019,13000019,13000019,13000019,13000019,13000019,13000019,13000019,13000019,13000019,13000019,13000019,13000019,13000019,13000019,13000019,13000019]}],
[20, {"_id":20,"unitID":[13000020,13000020,13000020,13000020,13020002]}],
[21, {"_id":21,"unitID":[13000021,13000021,13000021,13000021,13000021,13000021,13000021,13000021,13000021,13000021,13000021,13000021,13000021,13000021,13000021,13000021,13000021,13000021,13000021,13000021]}],
[22, {"_id":22,"unitID":[13000022,13000022,13000022,13000022,13000022,13000022,13000022,13000022,13000022,13000022,13000022,13000022,13000022,13000022,13000022,13000022,13000022,13000022,13000022,13000022]}],
[23, {"_id":23,"unitID":[13000023,13000023,13000023,13000023,13010007]}],
[24, {"_id":24,"unitID":[13000024,13000024,13000024,13000024,13000024,13000024,13000024,13000024,13000024,13000024,13000024,13000024,13000024,13000024,13000024,13000024,13000024,13000024,13000024,13000024]}],
[25, {"_id":25,"unitID":[13000025,13000025,13000025,13000025,13010008]}],
[26, {"_id":26,"unitID":[13000026,13000026,13000026,13000026,13000026,13000026,13000026,13000026,13000026,13000026,13000026,13000026,13000026,13000026,13000026,13000026,13000026,13000026,13000026,13000026]}],
[27, {"_id":27,"unitID":[13000027,13000027,13000027,13000027,13000027,13000027,13000027,13000027,13000027,13000027,13000027,13000027,13000027,13000027,13000027,13000027,13000027,13000027,13000027,13000027]}],
[28, {"_id":28,"unitID":[13000028,13000028,13000028,13000028,13010009]}],
[29, {"_id":29,"unitID":[13000029,13000029,13000029,13000029,13000029,13000029,13000029,13000029,13000029,13000029,13000029,13000029,13000029,13000029,13000029,13000029,13000029,13000029,13000029,13000029]}],
[30, {"_id":30,"unitID":[13000030,13000030,13000030,13000030,13020003]}],
[31, {"_id":31,"unitID":[13000031,13000031,13000031,13000031,13000031,13000031,13000031,13000031,13000031,13000031,13000031,13000031,13000031,13000031,13000031,13000031,13000031,13000031,13000031,13000031]}],
[32, {"_id":32,"unitID":[13000032,13000032,13000032,13000032,13000032,13000032,13000032,13000032,13000032,13000032,13000032,13000032,13000032,13000032,13000032,13000032,13000032,13000032,13000032,13000032]}],
[33, {"_id":33,"unitID":[13000033,13000033,13000033,13000033,13010010]}],
[34, {"_id":34,"unitID":[13000034,13000034,13000034,13000034,13000034,13000034,13000034,13000034,13000034,13000034,13000034,13000034,13000034,13000034,13000034,13000034,13000034,13000034,13000034,13000034]}],
[35, {"_id":35,"unitID":[13000035,13000035,13000035,13000035,13010011]}],
[36, {"_id":36,"unitID":[13000036,13000036,13000036,13000036,13000036,13000036,13000036,13000036,13000036,13000036,13000036,13000036,13000036,13000036,13000036,13000036,13000036,13000036,13000036,13000036]}],
[37, {"_id":37,"unitID":[13000037,13000037,13000037,13000037,13000037,13000037,13000037,13000037,13000037,13000037,13000037,13000037,13000037,13000037,13000037,13000037,13000037,13000037,13000037,13000037]}],
[38, {"_id":38,"unitID":[13000038,13000038,13000038,13000038,13010012]}],
[39, {"_id":39,"unitID":[13000039,13000039,13000039,13000039,13000039,13000039,13000039,13000039,13000039,13000039,13000039,13000039,13000039,13000039,13000039,13000039,13000039,13000039,13000039,13000039]}],
[40, {"_id":40,"unitID":[13000040,13000040,13000040,13000040,13020004]}],
[41, {"_id":41,"unitID":[13000041,13000041,13000041,13000041,13000041,13000041,13000041,13000041,13000041,13000041,13000041,13000041,13000041,13000041,13000041,13000041,13000041,13000041,13000041,13000041]}],
[42, {"_id":42,"unitID":[13000042,13000042,13000042,13000042,13000042,13000042,13000042,13000042,13000042,13000042,13000042,13000042,13000042,13000042,13000042,13000042,13000042,13000042,13000042,13000042]}],
[43, {"_id":43,"unitID":[13000043,13000043,13000043,13000043,13010013]}],
[44, {"_id":44,"unitID":[13000044,13000044,13000044,13000044,13000044,13000044,13000044,13000044,13000044,13000044,13000044,13000044,13000044,13000044,13000044,13000044,13000044,13000044,13000044,13000044]}],
[45, {"_id":45,"unitID":[13000045,13000045,13000045,13000045,13010014]}],
[46, {"_id":46,"unitID":[13000046,13000046,13000046,13000046,13000046,13000046,13000046,13000046,13000046,13000046,13000046,13000046,13000046,13000046,13000046,13000046,13000046,13000046,13000046,13000046]}],
[47, {"_id":47,"unitID":[13000047,13000047,13000047,13000047,13000047,13000047,13000047,13000047,13000047,13000047,13000047,13000047,13000047,13000047,13000047,13000047,13000047,13000047,13000047,13000047]}],
[48, {"_id":48,"unitID":[13000048,13000048,13000048,13000048,13010015]}],
[49, {"_id":49,"unitID":[13000049,13000049,13000049,13000049,13000049,13000049,13000049,13000049,13000049,13000049,13000049,13000049,13000049,13000049,13000049,13000049,13000049,13000049,13000049,13000049]}],
[50, {"_id":50,"unitID":[13000050,13000050,13000050,13000050,13020005]}],
[51, {"_id":51,"unitID":[13000051,13000051,13000051,13000051,13000051,13000051,13000051,13000051,13000051,13000051,13000051,13000051,13000051,13000051,13000051,13000051,13000051,13000051,13000051,13000051]}],
[52, {"_id":52,"unitID":[13000052,13000052,13000052,13000052,13000052,13000052,13000052,13000052,13000052,13000052,13000052,13000052,13000052,13000052,13000052,13000052,13000052,13000052,13000052,13000052]}],
[53, {"_id":53,"unitID":[13000053,13000053,13000053,13000053,13010016]}],
[54, {"_id":54,"unitID":[13000054,13000054,13000054,13000054,13000054,13000054,13000054,13000054,13000054,13000054,13000054,13000054,13000054,13000054,13000054,13000054,13000054,13000054,13000054,13000054]}],
[55, {"_id":55,"unitID":[13000055,13000055,13000055,13000055,13010017]}],
[56, {"_id":56,"unitID":[13000056,13000056,13000056,13000056,13000056,13000056,13000056,13000056,13000056,13000056,13000056,13000056,13000056,13000056,13000056,13000056,13000056,13000056,13000056,13000056]}],
[57, {"_id":57,"unitID":[13000057,13000057,13000057,13000057,13000057,13000057,13000057,13000057,13000057,13000057,13000057,13000057,13000057,13000057,13000057,13000057,13000057,13000057,13000057,13000057]}],
[58, {"_id":58,"unitID":[13000058,13000058,13000058,13000058,13010018]}],
[59, {"_id":59,"unitID":[13000059,13000059,13000059,13000059,13000059,13000059,13000059,13000059,13000059,13000059,13000059,13000059,13000059,13000059,13000059,13000059,13000059,13000059,13000059,13000059]}],
[60, {"_id":60,"unitID":[13000060,13000060,13000060,13000060,13020006]}],
[61, {"_id":61,"unitID":[13000061,13000061,13000061,13000061,13000061,13000061,13000061,13000061,13000061,13000061,13000061,13000061,13000061,13000061,13000061,13000061,13000061,13000061,13000061,13000061]}],
[62, {"_id":62,"unitID":[13000062,13000062,13000062,13000062,13000062,13000062,13000062,13000062,13000062,13000062,13000062,13000062,13000062,13000062,13000062,13000062,13000062,13000062,13000062,13000062]}],
[63, {"_id":63,"unitID":[13000063,13000063,13000063,13000063,13010019]}],
[64, {"_id":64,"unitID":[13000064,13000064,13000064,13000064,13000064,13000064,13000064,13000064,13000064,13000064,13000064,13000064,13000064,13000064,13000064,13000064,13000064,13000064,13000064,13000064]}],
[65, {"_id":65,"unitID":[13000065,13000065,13000065,13000065,13010020]}],
[66, {"_id":66,"unitID":[13000066,13000066,13000066,13000066,13000066,13000066,13000066,13000066,13000066,13000066,13000066,13000066,13000066,13000066,13000066,13000066,13000066,13000066,13000066,13000066]}],
[67, {"_id":67,"unitID":[13000067,13000067,13000067,13000067,13000067,13000067,13000067,13000067,13000067,13000067,13000067,13000067,13000067,13000067,13000067,13000067,13000067,13000067,13000067,13000067]}],
[68, {"_id":68,"unitID":[13000068,13000068,13000068,13000068,13010021]}],
[69, {"_id":69,"unitID":[13000069,13000069,13000069,13000069,13000069,13000069,13000069,13000069,13000069,13000069,13000069,13000069,13000069,13000069,13000069,13000069,13000069,13000069,13000069,13000069]}],
[70, {"_id":70,"unitID":[13000070,13000070,13000070,13000070,13020007]}],
[71, {"_id":71,"unitID":[13000071,13000071,13000071,13000071,13000071,13000071,13000071,13000071,13000071,13000071,13000071,13000071,13000071,13000071,13000071,13000071,13000071,13000071,13000071,13000071]}],
[72, {"_id":72,"unitID":[13000072,13000072,13000072,13000072,13000072,13000072,13000072,13000072,13000072,13000072,13000072,13000072,13000072,13000072,13000072,13000072,13000072,13000072,13000072,13000072]}],
[73, {"_id":73,"unitID":[13000073,13000073,13000073,13000073,13010022]}],
[74, {"_id":74,"unitID":[13000074,13000074,13000074,13000074,13000074,13000074,13000074,13000074,13000074,13000074,13000074,13000074,13000074,13000074,13000074,13000074,13000074,13000074,13000074,13000074]}],
[75, {"_id":75,"unitID":[13000075,13000075,13000075,13000075,13010023]}],
[76, {"_id":76,"unitID":[13000076,13000076,13000076,13000076,13000076,13000076,13000076,13000076,13000076,13000076,13000076,13000076,13000076,13000076,13000076,13000076,13000076,13000076,13000076,13000076]}],
[77, {"_id":77,"unitID":[13000077,13000077,13000077,13000077,13000077,13000077,13000077,13000077,13000077,13000077,13000077,13000077,13000077,13000077,13000077,13000077,13000077,13000077,13000077,13000077]}],
[78, {"_id":78,"unitID":[13000078,13000078,13000078,13000078,13010024]}],
[79, {"_id":79,"unitID":[13000079,13000079,13000079,13000079,13000079,13000079,13000079,13000079,13000079,13000079,13000079,13000079,13000079,13000079,13000079,13000079,13000079,13000079,13000079,13000079]}],
[80, {"_id":80,"unitID":[13000080,13000080,13000080,13000080,13020008]}],
[81, {"_id":81,"unitID":[13000081,13000081,13000081,13000081,13000081,13000081,13000081,13000081,13000081,13000081,13000081,13000081,13000081,13000081,13000081,13000081,13000081,13000081,13000081,13000081]}],
[82, {"_id":82,"unitID":[13000082,13000082,13000082,13000082,13000082,13000082,13000082,13000082,13000082,13000082,13000082,13000082,13000082,13000082,13000082,13000082,13000082,13000082,13000082,13000082]}],
[83, {"_id":83,"unitID":[13000083,13000083,13000083,13000083,13010025]}],
[84, {"_id":84,"unitID":[13000084,13000084,13000084,13000084,13000084,13000084,13000084,13000084,13000084,13000084,13000084,13000084,13000084,13000084,13000084,13000084,13000084,13000084,13000084,13000084]}],
[85, {"_id":85,"unitID":[13000085,13000085,13000085,13000085,13010026]}],
[86, {"_id":86,"unitID":[13000086,13000086,13000086,13000086,13000086,13000086,13000086,13000086,13000086,13000086,13000086,13000086,13000086,13000086,13000086,13000086,13000086,13000086,13000086,13000086]}],
[87, {"_id":87,"unitID":[13000087,13000087,13000087,13000087,13000087,13000087,13000087,13000087,13000087,13000087,13000087,13000087,13000087,13000087,13000087,13000087,13000087,13000087,13000087,13000087]}],
[88, {"_id":88,"unitID":[13000088,13000088,13000088,13000088,13010027]}],
[89, {"_id":89,"unitID":[13000089,13000089,13000089,13000089,13000089,13000089,13000089,13000089,13000089,13000089,13000089,13000089,13000089,13000089,13000089,13000089,13000089,13000089,13000089,13000089]}],
[90, {"_id":90,"unitID":[13000090,13000090,13000090,13000090,13020009]}],
[91, {"_id":91,"unitID":[13000091,13000091,13000091,13000091,13000091,13000091,13000091,13000091,13000091,13000091,13000091,13000091,13000091,13000091,13000091,13000091,13000091,13000091,13000091,13000091]}],
[92, {"_id":92,"unitID":[13000092,13000092,13000092,13000092,13000092,13000092,13000092,13000092,13000092,13000092,13000092,13000092,13000092,13000092,13000092,13000092,13000092,13000092,13000092,13000092]}],
[93, {"_id":93,"unitID":[13000093,13000093,13000093,13000093,13010028]}],
[94, {"_id":94,"unitID":[13000094,13000094,13000094,13000094,13000094,13000094,13000094,13000094,13000094,13000094,13000094,13000094,13000094,13000094,13000094,13000094,13000094,13000094,13000094,13000094]}],
[95, {"_id":95,"unitID":[13000095,13000095,13000095,13000095,13010029]}],
[96, {"_id":96,"unitID":[13000096,13000096,13000096,13000096,13000096,13000096,13000096,13000096,13000096,13000096,13000096,13000096,13000096,13000096,13000096,13000096,13000096,13000096,13000096,13000096]}],
[97, {"_id":97,"unitID":[13000097,13000097,13000097,13000097,13000097,13000097,13000097,13000097,13000097,13000097,13000097,13000097,13000097,13000097,13000097,13000097,13000097,13000097,13000097,13000097]}],
[98, {"_id":98,"unitID":[13000098,13000098,13000098,13000098,13010030]}],
[99, {"_id":99,"unitID":[13000099,13000099,13000099,13000099,13000099,13000099,13000099,13000099,13000099,13000099,13000099,13000099,13000099,13000099,13000099,13000099,13000099,13000099,13000099,13000099]}],
[100, {"_id":100,"unitID":[13000100,13000100,13000100,13000100,13020010]}],
[101, {"_id":101,"unitID":[13000101,13000101,13000101,13000101,13000101,13000101,13000101,13000101,13000101,13000101,13000101,13000101,13000101,13000101,13000101,13000101,13000101,13000101,13000101,13000101]}],
[102, {"_id":102,"unitID":[13000102,13000102,13000102,13000102,13000102,13000102,13000102,13000102,13000102,13000102,13000102,13000102,13000102,13000102,13000102,13000102,13000102,13000102,13000102,13000102]}],
[103, {"_id":103,"unitID":[13000103,13000103,13000103,13000103,13010031]}],
[104, {"_id":104,"unitID":[13000104,13000104,13000104,13000104,13000104,13000104,13000104,13000104,13000104,13000104,13000104,13000104,13000104,13000104,13000104,13000104,13000104,13000104,13000104,13000104]}],
[105, {"_id":105,"unitID":[13000105,13000105,13000105,13000105,13010032]}],
[106, {"_id":106,"unitID":[13000106,13000106,13000106,13000106,13000106,13000106,13000106,13000106,13000106,13000106,13000106,13000106,13000106,13000106,13000106,13000106,13000106,13000106,13000106,13000106]}],
[107, {"_id":107,"unitID":[13000107,13000107,13000107,13000107,13000107,13000107,13000107,13000107,13000107,13000107,13000107,13000107,13000107,13000107,13000107,13000107,13000107,13000107,13000107,13000107]}],
[108, {"_id":108,"unitID":[13000108,13000108,13000108,13000108,13010033]}],
[109, {"_id":109,"unitID":[13000109,13000109,13000109,13000109,13000109,13000109,13000109,13000109,13000109,13000109,13000109,13000109,13000109,13000109,13000109,13000109,13000109,13000109,13000109,13000109]}],
[110, {"_id":110,"unitID":[13000110,13000110,13000110,13000110,13020011]}],
[111, {"_id":111,"unitID":[13000111,13000111,13000111,13000111,13000111,13000111,13000111,13000111,13000111,13000111,13000111,13000111,13000111,13000111,13000111,13000111,13000111,13000111,13000111,13000111]}],
[112, {"_id":112,"unitID":[13000112,13000112,13000112,13000112,13000112,13000112,13000112,13000112,13000112,13000112,13000112,13000112,13000112,13000112,13000112,13000112,13000112,13000112,13000112,13000112]}],
[113, {"_id":113,"unitID":[13000113,13000113,13000113,13000113,13010034]}],
[114, {"_id":114,"unitID":[13000114,13000114,13000114,13000114,13000114,13000114,13000114,13000114,13000114,13000114,13000114,13000114,13000114,13000114,13000114,13000114,13000114,13000114,13000114,13000114]}],
[115, {"_id":115,"unitID":[13000115,13000115,13000115,13000115,13010035]}],
[116, {"_id":116,"unitID":[13000116,13000116,13000116,13000116,13000116,13000116,13000116,13000116,13000116,13000116,13000116,13000116,13000116,13000116,13000116,13000116,13000116,13000116,13000116,13000116]}],
[117, {"_id":117,"unitID":[13000117,13000117,13000117,13000117,13000117,13000117,13000117,13000117,13000117,13000117,13000117,13000117,13000117,13000117,13000117,13000117,13000117,13000117,13000117,13000117]}],
[118, {"_id":118,"unitID":[13000118,13000118,13000118,13000118,13010036]}],
[119, {"_id":119,"unitID":[13000119,13000119,13000119,13000119,13000119,13000119,13000119,13000119,13000119,13000119,13000119,13000119,13000119,13000119,13000119,13000119,13000119,13000119,13000119,13000119]}],
[120, {"_id":120,"unitID":[13000120,13000120,13000120,13000120,13020012]}],
[121, {"_id":121,"unitID":[13000121,13000121,13000121,13000121,13000121,13000121,13000121,13000121,13000121,13000121,13000121,13000121,13000121,13000121,13000121,13000121,13000121,13000121,13000121,13000121]}],
[122, {"_id":122,"unitID":[13000122,13000122,13000122,13000122,13000122,13000122,13000122,13000122,13000122,13000122,13000122,13000122,13000122,13000122,13000122,13000122,13000122,13000122,13000122,13000122]}],
[123, {"_id":123,"unitID":[13000123,13000123,13000123,13000123,13010037]}],
[124, {"_id":124,"unitID":[13000124,13000124,13000124,13000124,13000124,13000124,13000124,13000124,13000124,13000124,13000124,13000124,13000124,13000124,13000124,13000124,13000124,13000124,13000124,13000124]}],
[125, {"_id":125,"unitID":[13000125,13000125,13000125,13000125,13010038]}],
[126, {"_id":126,"unitID":[13000126,13000126,13000126,13000126,13000126,13000126,13000126,13000126,13000126,13000126,13000126,13000126,13000126,13000126,13000126,13000126,13000126,13000126,13000126,13000126]}],
[127, {"_id":127,"unitID":[13000127,13000127,13000127,13000127,13000127,13000127,13000127,13000127,13000127,13000127,13000127,13000127,13000127,13000127,13000127,13000127,13000127,13000127,13000127,13000127]}],
[128, {"_id":128,"unitID":[13000128,13000128,13000128,13000128,13010039]}],
[129, {"_id":129,"unitID":[13000129,13000129,13000129,13000129,13000129,13000129,13000129,13000129,13000129,13000129,13000129,13000129,13000129,13000129,13000129,13000129,13000129,13000129,13000129,13000129]}],
[130, {"_id":130,"unitID":[13000130,13000130,13000130,13000130,13020013]}],
[131, {"_id":131,"unitID":[13000131,13000131,13000131,13000131,13000131,13000131,13000131,13000131,13000131,13000131,13000131,13000131,13000131,13000131,13000131,13000131,13000131,13000131,13000131,13000131]}],
[132, {"_id":132,"unitID":[13000132,13000132,13000132,13000132,13000132,13000132,13000132,13000132,13000132,13000132,13000132,13000132,13000132,13000132,13000132,13000132,13000132,13000132,13000132,13000132]}],
[133, {"_id":133,"unitID":[13000133,13000133,13000133,13000133,13010040]}],
[134, {"_id":134,"unitID":[13000134,13000134,13000134,13000134,13000134,13000134,13000134,13000134,13000134,13000134,13000134,13000134,13000134,13000134,13000134,13000134,13000134,13000134,13000134,13000134]}],
[135, {"_id":135,"unitID":[13000135,13000135,13000135,13000135,13010041]}],
[136, {"_id":136,"unitID":[13000136,13000136,13000136,13000136,13000136,13000136,13000136,13000136,13000136,13000136,13000136,13000136,13000136,13000136,13000136,13000136,13000136,13000136,13000136,13000136]}],
[137, {"_id":137,"unitID":[13000137,13000137,13000137,13000137,13000137,13000137,13000137,13000137,13000137,13000137,13000137,13000137,13000137,13000137,13000137,13000137,13000137,13000137,13000137,13000137]}],
[138, {"_id":138,"unitID":[13000138,13000138,13000138,13000138,13010042]}],
[139, {"_id":139,"unitID":[13000139,13000139,13000139,13000139,13000139,13000139,13000139,13000139,13000139,13000139,13000139,13000139,13000139,13000139,13000139,13000139,13000139,13000139,13000139,13000139]}],
[140, {"_id":140,"unitID":[13000140,13000140,13000140,13000140,13020014]}],
[141, {"_id":141,"unitID":[13000141,13000141,13000141,13000141,13000141,13000141,13000141,13000141,13000141,13000141,13000141,13000141,13000141,13000141,13000141,13000141,13000141,13000141,13000141,13000141]}],
[142, {"_id":142,"unitID":[13000142,13000142,13000142,13000142,13000142,13000142,13000142,13000142,13000142,13000142,13000142,13000142,13000142,13000142,13000142,13000142,13000142,13000142,13000142,13000142]}],
[143, {"_id":143,"unitID":[13000143,13000143,13000143,13000143,13010043]}],
[144, {"_id":144,"unitID":[13000144,13000144,13000144,13000144,13000144,13000144,13000144,13000144,13000144,13000144,13000144,13000144,13000144,13000144,13000144,13000144,13000144,13000144,13000144,13000144]}],
[145, {"_id":145,"unitID":[13000145,13000145,13000145,13000145,13010044]}],
[146, {"_id":146,"unitID":[13000146,13000146,13000146,13000146,13000146,13000146,13000146,13000146,13000146,13000146,13000146,13000146,13000146,13000146,13000146,13000146,13000146,13000146,13000146,13000146]}],
[147, {"_id":147,"unitID":[13000147,13000147,13000147,13000147,13000147,13000147,13000147,13000147,13000147,13000147,13000147,13000147,13000147,13000147,13000147,13000147,13000147,13000147,13000147,13000147]}],
[148, {"_id":148,"unitID":[13000148,13000148,13000148,13000148,13010045]}],
[149, {"_id":149,"unitID":[13000149,13000149,13000149,13000149,13000149,13000149,13000149,13000149,13000149,13000149,13000149,13000149,13000149,13000149,13000149,13000149,13000149,13000149,13000149,13000149]}],
[150, {"_id":150,"unitID":[13000150,13000150,13000150,13000150,13020015]}],
[151, {"_id":151,"unitID":[13000151,13000151,13000151,13000151,13000151,13000151,13000151,13000151,13000151,13000151,13000151,13000151,13000151,13000151,13000151,13000151,13000151,13000151,13000151,13000151]}],
[152, {"_id":152,"unitID":[13000152,13000152,13000152,13000152,13000152,13000152,13000152,13000152,13000152,13000152,13000152,13000152,13000152,13000152,13000152,13000152,13000152,13000152,13000152,13000152]}],
[153, {"_id":153,"unitID":[13000153,13000153,13000153,13000153,13010046]}],
[154, {"_id":154,"unitID":[13000154,13000154,13000154,13000154,13000154,13000154,13000154,13000154,13000154,13000154,13000154,13000154,13000154,13000154,13000154,13000154,13000154,13000154,13000154,13000154]}],
[155, {"_id":155,"unitID":[13000155,13000155,13000155,13000155,13010047]}],
[156, {"_id":156,"unitID":[13000156,13000156,13000156,13000156,13000156,13000156,13000156,13000156,13000156,13000156,13000156,13000156,13000156,13000156,13000156,13000156,13000156,13000156,13000156,13000156]}],
[157, {"_id":157,"unitID":[13000157,13000157,13000157,13000157,13000157,13000157,13000157,13000157,13000157,13000157,13000157,13000157,13000157,13000157,13000157,13000157,13000157,13000157,13000157,13000157]}],
[158, {"_id":158,"unitID":[13000158,13000158,13000158,13000158,13010048]}],
[159, {"_id":159,"unitID":[13000159,13000159,13000159,13000159,13000159,13000159,13000159,13000159,13000159,13000159,13000159,13000159,13000159,13000159,13000159,13000159,13000159,13000159,13000159,13000159]}],
[160, {"_id":160,"unitID":[13000160,13000160,13000160,13000160,13020016]}],
[161, {"_id":161,"unitID":[13000161,13000161,13000161,13000161,13000161,13000161,13000161,13000161,13000161,13000161,13000161,13000161,13000161,13000161,13000161,13000161,13000161,13000161,13000161,13000161]}],
[162, {"_id":162,"unitID":[13000162,13000162,13000162,13000162,13000162,13000162,13000162,13000162,13000162,13000162,13000162,13000162,13000162,13000162,13000162,13000162,13000162,13000162,13000162,13000162]}],
[163, {"_id":163,"unitID":[13000163,13000163,13000163,13000163,13010049]}],
[164, {"_id":164,"unitID":[13000164,13000164,13000164,13000164,13000164,13000164,13000164,13000164,13000164,13000164,13000164,13000164,13000164,13000164,13000164,13000164,13000164,13000164,13000164,13000164]}],
[165, {"_id":165,"unitID":[13000165,13000165,13000165,13000165,13010050]}],
[166, {"_id":166,"unitID":[13000166,13000166,13000166,13000166,13000166,13000166,13000166,13000166,13000166,13000166,13000166,13000166,13000166,13000166,13000166,13000166,13000166,13000166,13000166,13000166]}],
[167, {"_id":167,"unitID":[13000167,13000167,13000167,13000167,13000167,13000167,13000167,13000167,13000167,13000167,13000167,13000167,13000167,13000167,13000167,13000167,13000167,13000167,13000167,13000167]}],
[168, {"_id":168,"unitID":[13000168,13000168,13000168,13000168,13010051]}],
[169, {"_id":169,"unitID":[13000169,13000169,13000169,13000169,13000169,13000169,13000169,13000169,13000169,13000169,13000169,13000169,13000169,13000169,13000169,13000169,13000169,13000169,13000169,13000169]}],
[170, {"_id":170,"unitID":[13000170,13000170,13000170,13000170,13020017]}],
[171, {"_id":171,"unitID":[13000171,13000171,13000171,13000171,13000171,13000171,13000171,13000171,13000171,13000171,13000171,13000171,13000171,13000171,13000171,13000171,13000171,13000171,13000171,13000171]}],
[172, {"_id":172,"unitID":[13000172,13000172,13000172,13000172,13000172,13000172,13000172,13000172,13000172,13000172,13000172,13000172,13000172,13000172,13000172,13000172,13000172,13000172,13000172,13000172]}],
[173, {"_id":173,"unitID":[13000173,13000173,13000173,13000173,13010052]}],
[174, {"_id":174,"unitID":[13000174,13000174,13000174,13000174,13000174,13000174,13000174,13000174,13000174,13000174,13000174,13000174,13000174,13000174,13000174,13000174,13000174,13000174,13000174,13000174]}],
[175, {"_id":175,"unitID":[13000175,13000175,13000175,13000175,13010053]}],
[176, {"_id":176,"unitID":[13000176,13000176,13000176,13000176,13000176,13000176,13000176,13000176,13000176,13000176,13000176,13000176,13000176,13000176,13000176,13000176,13000176,13000176,13000176,13000176]}],
[177, {"_id":177,"unitID":[13000177,13000177,13000177,13000177,13000177,13000177,13000177,13000177,13000177,13000177,13000177,13000177,13000177,13000177,13000177,13000177,13000177,13000177,13000177,13000177]}],
[178, {"_id":178,"unitID":[13000178,13000178,13000178,13000178,13010054]}],
[179, {"_id":179,"unitID":[13000179,13000179,13000179,13000179,13000179,13000179,13000179,13000179,13000179,13000179,13000179,13000179,13000179,13000179,13000179,13000179,13000179,13000179,13000179,13000179]}],
[180, {"_id":180,"unitID":[13000180,13000180,13000180,13000180,13020018]}],
[181, {"_id":181,"unitID":[13000181,13000181,13000181,13000181,13000181,13000181,13000181,13000181,13000181,13000181,13000181,13000181,13000181,13000181,13000181,13000181,13000181,13000181,13000181,13000181]}],
[182, {"_id":182,"unitID":[13000182,13000182,13000182,13000182,13000182,13000182,13000182,13000182,13000182,13000182,13000182,13000182,13000182,13000182,13000182,13000182,13000182,13000182,13000182,13000182]}],
[183, {"_id":183,"unitID":[13000183,13000183,13000183,13000183,13010055]}],
[184, {"_id":184,"unitID":[13000184,13000184,13000184,13000184,13000184,13000184,13000184,13000184,13000184,13000184,13000184,13000184,13000184,13000184,13000184,13000184,13000184,13000184,13000184,13000184]}],
[185, {"_id":185,"unitID":[13000185,13000185,13000185,13000185,13010056]}],
[186, {"_id":186,"unitID":[13000186,13000186,13000186,13000186,13000186,13000186,13000186,13000186,13000186,13000186,13000186,13000186,13000186,13000186,13000186,13000186,13000186,13000186,13000186,13000186]}],
[187, {"_id":187,"unitID":[13000187,13000187,13000187,13000187,13000187,13000187,13000187,13000187,13000187,13000187,13000187,13000187,13000187,13000187,13000187,13000187,13000187,13000187,13000187,13000187]}],
[188, {"_id":188,"unitID":[13000188,13000188,13000188,13000188,13010057]}],
[189, {"_id":189,"unitID":[13000189,13000189,13000189,13000189,13000189,13000189,13000189,13000189,13000189,13000189,13000189,13000189,13000189,13000189,13000189,13000189,13000189,13000189,13000189,13000189]}],
[190, {"_id":190,"unitID":[13000190,13000190,13000190,13000190,13020019]}],
[191, {"_id":191,"unitID":[13000191,13000191,13000191,13000191,13000191,13000191,13000191,13000191,13000191,13000191,13000191,13000191,13000191,13000191,13000191,13000191,13000191,13000191,13000191,13000191]}],
[192, {"_id":192,"unitID":[13000192,13000192,13000192,13000192,13000192,13000192,13000192,13000192,13000192,13000192,13000192,13000192,13000192,13000192,13000192,13000192,13000192,13000192,13000192,13000192]}],
[193, {"_id":193,"unitID":[13000193,13000193,13000193,13000193,13010058]}],
[194, {"_id":194,"unitID":[13000194,13000194,13000194,13000194,13000194,13000194,13000194,13000194,13000194,13000194,13000194,13000194,13000194,13000194,13000194,13000194,13000194,13000194,13000194,13000194]}],
[195, {"_id":195,"unitID":[13000195,13000195,13000195,13000195,13010059]}],
[196, {"_id":196,"unitID":[13000196,13000196,13000196,13000196,13000196,13000196,13000196,13000196,13000196,13000196,13000196,13000196,13000196,13000196,13000196,13000196,13000196,13000196,13000196,13000196]}],
[197, {"_id":197,"unitID":[13000197,13000197,13000197,13000197,13000197,13000197,13000197,13000197,13000197,13000197,13000197,13000197,13000197,13000197,13000197,13000197,13000197,13000197,13000197,13000197]}],
[198, {"_id":198,"unitID":[13000198,13000198,13000198,13000198,13010060]}],
[199, {"_id":199,"unitID":[13000199,13000199,13000199,13000199,13000199,13000199,13000199,13000199,13000199,13000199,13000199,13000199,13000199,13000199,13000199,13000199,13000199,13000199,13000199,13000199]}],
[200, {"_id":200,"unitID":[13000200,13000200,13000200,13000200,13020020]}],
]
